%YAML:1.0
model_type: KANNALA_BRANDT
camera_name: vi_l
image_width: 376
image_height: 240
projection_parameters:
   k2: 3.1669190589799895e-01
   k3: 1.0736937101334459e-01
   k4: 4.3921004885807208e-01
   k5: -4.9646184861581150e-01
   mu: 2.2831890809586642e+02
   mv: 2.2910032836631646e+02
   u0: 1.8439614448113389e+02
   v0: 1.1166263511716319e+02
