Left:
('D = ', [-0.30053153156273293, 0.09743479766852031, 0.0006222280494886047, -0.000141509791699895, 0.0])
('K = ', [466.4265667752117, 0.0, 372.5784379378202, 0.0, 466.0727943067296, 230.9124590884393, 0.0, 0.0, 1.0])
('R = ', [0.999994317031096, 0.0015305416037097643, -0.0030038887980532603, -0.0015320571325929586, 0.9999987002539674, -0.0005022860921079709, 0.00300311612399981, 0.0005068853668902636, 0.9999953621696306])
('P = ', [443.92999022443513, 0.0, 366.9953956604004, 0.0, 0.0, 443.92999022443513, 239.01452445983887, 0.0, 0.0, 0.0, 1.0, 0.0])

Right:
('D = ', [-0.2996901547343506, 0.0965636388010456, 0.00025932794358801865, -0.0004140151532743247, 0.0])
('K = ', [469.25573013899907, 0.0, 357.81550918961193, 0.0, 468.9013476619842, 245.99092601201647, 0.0, 0.0, 1.0])
('R = ', [0.9999938615386813, 0.002980883859035065, -0.001841525556578681, -0.00297995426929373, 0.9999954312334374, 0.000507331060128399, 0.0018430294380466514, -0.0005018402839520089, 0.999998175697746])
('P = ', [443.92999022443513, 0.0, 366.9953956604004, -48.889254681993854, 0.0, 443.92999022443513, 239.01452445983887, 0.0, 0.0, 0.0, 1.0, 0.0])
('self.T ', [-0.11012762294450658, -0.0003282796688016214, 0.00020280407704297444])
('self.R ', [0.9999982788962776, -0.0014484839829156549, -0.0011593526788230967, 0.001447309701132764, 0.9999984394846086, -0.0010130759974129268, 0.0011608182939911304, 0.0010113963114249567, 0.9999988147884924])

