%YAML:1.0
stereo_r: !!opencv-matrix
   rows: 3
   cols: 3
   dt: d
   data: [0.9999982788962776, -0.0014484839829156549, -0.0011593526788230967, 0.001447309701132764, 0.9999984394846086, -0.0010130759974129268, 0.0011608182939911304, 0.0010113963114249567, 0.9999988147884924]
stereo_t: !!opencv-matrix
   rows: 3
   cols: 1
   dt: d
   data: [-0.11012762294450658, -0.0003282796688016214, 0.00020280407704297444]
