%YAML:1.0
camera_matrix: !!opencv-matrix
   rows: 3
   cols: 3
   dt: d
   data: [466.4265667752117, 0.0, 372.5784379378202, 0.0, 466.0727943067296, 230.9124590884393, 0.0, 0.0, 1.0]
distortion_coefficients: !!opencv-matrix
   rows: 5
   cols: 1
   dt: d
   data: [-0.30053153156273293, 0.09743479766852031, 0.0006222280494886047, -0.000141509791699895, 0.0]
T_BS: !!opencv-matrix
  cols: 4
  rows: 4
  dt: d
  data: [1.0, 0.0, 0.0, 0.0,
         0.0, 1.0, 0.0, 0.06,
         0.0, 0.0, 1.0, 0.0,
         0.0, 0.0, 0.0, 1.0]
