%YAML:1.0
camera_matrix: !!opencv-matrix
   rows: 3
   cols: 3
   dt: d
   data: [469.25573013899907, 0.0, 357.81550918961193, 0.0, 468.9013476619842, 245.99092601201647, 0.0, 0.0, 1.0]
distortion_coefficients: !!opencv-matrix
   rows: 5
   cols: 1
   dt: d
   data: [-0.2996901547343506, 0.0965636388010456, 0.00025932794358801865, -0.0004140151532743247, 0.0]
