%YAML:1.0
camera_matrix: !!opencv-matrix
   rows: 3
   cols: 3
   dt: d
   data: [461.9267736723458, 0.0, 374.07012296206443, 0.0, 462.0268865762016, 235.00935422816585, 0.0, 0.0, 1.0]
distortion_coefficients: !!opencv-matrix
   rows: 5
   cols: 1
   dt: d
   data: [-0.29317400937904925, 0.08547731883461683, 0.0001096081395601256, 0.00042790299944473587, 0.0]
