Left:
('D = ', [-0.29317400937904925, 0.08547731883461683, 0.0001096081395601256, 0.00042790299944473587, 0.0])
('K = ', [461.9267736723458, 0.0, 374.07012296206443, 0.0, 462.0268865762016, 235.00935422816585, 0.0, 0.0, 1.0])
('R = ', [0.9999895219839774, 0.0012803022947914494, 0.0043950822847882536, -0.0012759929034558367, 0.9999987026114725, -0.0009831670672325304, -0.004396335333711256, 0.000977548671786763, 0.9999898582656866])
('P = ', [444.2941886660101, 0.0, 365.83168029785156, 0.0, 0.0, 444.2941886660101, 243.1272678375244, 0.0, 0.0, 0.0, 1.0, 0.0])

Right:
('D = ', [-0.3028532243719524, 0.09963694471652561, -6.071774413853009e-06, -0.000178801160861786, 0.0])
('K = ', [465.31791422470053, 0.0, 359.09783205075786, 0.0, 465.26500961632047, 251.81267532193817, 0.0, 0.0, 1.0])
('R = ', [0.9999943849605314, 0.003348953688677149, 0.00012065073305712361, -0.0033490703606930006, 0.9999939114887281, 0.0009801597793006756, -0.00011736748876538857, -0.000980558343458897, 0.999999512364985])
('P = ', [444.2941886660101, 0.0, 365.83168029785156, -48.92263950689303, 0.0, 444.2941886660101, 243.1272678375244, 0.0, 0.0, 0.0, 1.0, 0.0])
('self.T ', [-0.11011254716436947, -0.00036876389161780957, -1.328523412957378e-05])
('self.R ', [0.9999886963801947, -0.0020688856422460427, 0.004280984003475964, 0.0020772443270295287, 0.9999959432376863, -0.0019489905530845227, -0.004276934397969246, 0.001957861172171626, 0.9999889372447007])

