%YAML:1.0
camera_matrix: !!opencv-matrix
   rows: 3
   cols: 3
   dt: d
   data: [465.31791422470053, 0.0, 359.09783205075786, 0.0, 465.26500961632047, 251.81267532193817, 0.0, 0.0, 1.0]
distortion_coefficients: !!opencv-matrix
   rows: 5
   cols: 1
   dt: d
   data: [-0.3028532243719524, 0.09963694471652561, -6.071774413853009e-06, -0.000178801160861786, 0.0]
