%YAML:1.0
stereo_r: !!opencv-matrix
   rows: 3
   cols: 3
   dt: d
   data: [0.9999886963801947, -0.0020688856422460427, 0.004280984003475964, 0.0020772443270295287, 0.9999959432376863, -0.0019489905530845227, -0.004276934397969246, 0.001957861172171626, 0.9999889372447007]
stereo_t: !!opencv-matrix
   rows: 3
   cols: 1
   dt: d
   data: [-0.11011254716436947, -0.00036876389161780957, -1.328523412957378e-05]
