Left:
('D = ', [-0.29798003945413626, 0.09046589330161525, 0.0010138552908902792, 0.0003646566050824011, 0.0])
('K = ', [467.82695247753753, 0.0, 374.53259651603577, 0.0, 467.45168455864155, 231.57059280488022, 0.0, 0.0, 1.0])
('R = ', [0.9996709936162474, 0.004659195015896316, 0.025222934486466866, -0.004617627666329044, 0.9999878834795521, -0.0017059920343015361, -0.025230577421848786, 0.0015889606319208968, 0.9996803955100201])
('P = ', [444.4334111813032, 0.0, 351.40371322631836, 0.0, 0.0, 444.4334111813032, 240.45510482788086, 0.0, 0.0, 0.0, 1.0, 0.0])

Right:
('D = ', [-0.30475855295010873, 0.10223749474519778, 0.0004931254963330738, -0.00022942322503289697, 0.0])
('K = ', [470.1562330945699, 0.0, 359.5138222955022, 0.0, 469.7899220501425, 247.7732758260478, 0.0, 0.0, 1.0])
('R = ', [0.9997726078467847, 0.006431823202650775, 0.020331361231584504, -0.006465314567970196, 0.9999778482879744, 0.0015819737324817963, -0.020320735881766853, -0.0017130626500256733, 0.9997920449321351])
('P = ', [444.4334111813032, 0.0, 351.40371322631836, -49.070723494674695, 0.0, 444.4334111813032, 240.45510482788086, 0.0, 0.0, 0.0, 1.0, 0.0])
('self.T ', [-0.11038676202763238, -0.0007101496197258187, -0.002244823589237745])
('self.R ', [0.9999862345918564, -0.0018393895286739988, 0.00491398748090069, 0.0018554032736087585, 0.999992977165426, -0.0032562399359021923, -0.004907963477138574, 0.003265312540888981, 0.9999826246633076])

