%YAML:1.0
camera_matrix: !!opencv-matrix
   rows: 3
   cols: 3
   dt: d
   data: [467.82695247753753, 0.0, 374.53259651603577, 0.0, 467.45168455864155, 231.57059280488022, 0.0, 0.0, 1.0]
distortion_coefficients: !!opencv-matrix
   rows: 5
   cols: 1
   dt: d
   data: [-0.29798003945413626, 0.09046589330161525, 0.0010138552908902792, 0.0003646566050824011, 0.0]
