%YAML:1.0
camera_matrix: !!opencv-matrix
   rows: 3
   cols: 3
   dt: d
   data: [470.1562330945699, 0.0, 359.5138222955022, 0.0, 469.7899220501425, 247.7732758260478, 0.0, 0.0, 1.0]
distortion_coefficients: !!opencv-matrix
   rows: 5
   cols: 1
   dt: d
   data: [-0.30475855295010873, 0.10223749474519778, 0.0004931254963330738, -0.00022942322503289697, 0.0]
