%YAML:1.0
stereo_r: !!opencv-matrix
   rows: 3
   cols: 3
   dt: d
   data: [0.9999862345918564, -0.0018393895286739988, 0.00491398748090069, 0.0018554032736087585, 0.999992977165426, -0.0032562399359021923, -0.004907963477138574, 0.003265312540888981, 0.9999826246633076]
stereo_t: !!opencv-matrix
   rows: 3
   cols: 1
   dt: d
   data: [-0.11038676202763238, -0.0007101496197258187, -0.002244823589237745]
