Left:
('D = ', [-0.28245978779108966, 0.07239354507731584, 0.000303761883245758, -0.0001054877318067475, 0.0])
('K = ', [462.2816933189314, 0.0, 366.19767229721765, 0.0, 461.15233052958246, 246.5077160288325, 0.0, 0.0, 1.0])
('R = ', [0.9999885041689187, -0.0013792996951626365, -0.004592282913704464, 0.0014161546938213964, 0.9999667412789626, 0.008031864155693619, 0.004581051832466573, -0.008038275205743614, 0.9999571991319555])
('P = ', [439.237999868354, 0.0, 376.95389556884766, 0.0, 0.0, 439.237999868354, 250.12428283691406, 0.0, 0.0, 0.0, 1.0, 0.0])

Right:
('D = ', [-0.28451889024748145, 0.07443158129442096, -7.623833594726496e-05, 1.873345175815386e-05, 0.0])
('K = ', [462.00206384371046, 0.0, 374.3365230757922, 0.0, 461.0796431393544, 252.43992941440865, 0.0, 0.0, 1.0])
('R = ', [0.999879040719318, -0.0040504805757439, -0.015016575419246817, 0.003929686585244904, 0.999959757127534, -0.00806484276256563, 0.015048637598073542, 0.008004856810004927, 0.9998547198337834])
('P = ', [439.237999868354, 0.0, 376.95389556884766, -48.129488689112, 0.0, 439.237999868354, 250.12428283691406, 0.0, 0.0, 0.0, 1.0, 0.0])
('self.T ', [-0.10956171140749194, 0.00044383126941217437, 0.0016454407337391217])
('self.R ', [0.9999420499117119, 0.0024294579423466676, 0.010487828777682744, -0.0025976656444568163, 0.999867741329525, 0.01605465607833495, -0.01044743755967129, -0.016080969582098502, 0.99981610982507])

