%YAML:1.0
camera_matrix: !!opencv-matrix
   rows: 3
   cols: 3
   dt: d
   data: [462.2816933189314, 0.0, 366.19767229721765, 0.0, 461.15233052958246, 246.5077160288325, 0.0, 0.0, 1.0]
distortion_coefficients: !!opencv-matrix
   rows: 5
   cols: 1
   dt: d
   data: [-0.28245978779108966, 0.07239354507731584, 0.000303761883245758, -0.0001054877318067475, 0.0]

T_BS: !!opencv-matrix
  cols: 4
  rows: 4
  dt: d
  data: [0.0148655429818, -0.999880929698, 0.00414029679422, -0.0216401454975,
         0.999557249008, 0.0149672133247, 0.025715529948, -0.064676986768,
        -0.0257744366974, 0.00375618835797, 0.999660727178, 0.00981073058949,
         0.0, 0.0, 0.0, 1.0]
