%YAML:1.0
camera_matrix: !!opencv-matrix
   rows: 3
   cols: 3
   dt: d
   data: [462.00206384371046, 0.0, 374.3365230757922, 0.0, 461.0796431393544, 252.43992941440865, 0.0, 0.0, 1.0]
distortion_coefficients: !!opencv-matrix
   rows: 5
   cols: 1
   dt: d
   data: [-0.28451889024748145, 0.07443158129442096, -7.623833594726496e-05, 1.873345175815386e-05, 0.0]
