%YAML:1.0
stereo_r: !!opencv-matrix
   rows: 3
   cols: 3
   dt: d
   data: [0.9999420499117119, 0.0024294579423466676, 0.010487828777682744, -0.0025976656444568163, 0.999867741329525, 0.01605465607833495, -0.01044743755967129, -0.016080969582098502, 0.99981610982507]
stereo_t: !!opencv-matrix
   rows: 3
   cols: 1
   dt: d
   data: [-0.10956171140749194, 0.00044383126941217437, 0.0016454407337391217]
