Left:
('D = ', [-0.30810528965557016, 0.10809504099168647, 0.000434068927097409, 0.0005113919631026103, 0.0])
('K = ', [471.26762585432175, 0.0, 355.6830410716092, 0.0, 471.4345134207729, 249.0278128929083, 0.0, 0.0, 1.0])
('R = ', [0.9999926180952103, 0.0033175959056740843, -0.0019383788312815763, -0.0033154625238901534, 0.9999938957739444, 0.0011027797160884137, 0.0019420255764499691, -0.0010963449531013153, 0.9999975132791101])
('P = ', [447.6029339956858, 0.0, 364.7945556640625, 0.0, 0.0, 447.6029339956858, 241.5587387084961, 0.0, 0.0, 0.0, 1.0, 0.0])

Right:
('D = ', [-0.307940749876199, 0.10586387889514842, 0.0007972935513997273, 0.0006965984321152787, 0.0])
('K = ', [468.684956071431, 0.0, 371.31558296430325, 0.0, 468.71470601649906, 233.13213553758152, 0.0, 0.0, 1.0])
('R = ', [0.9999898911830939, 0.0012632102034092821, 0.004315302029557301, -0.001258464475445899, 0.9999986006192662, -0.0011022824835275563, -0.004316688405287007, 0.0010968406864507482, 0.9999900815216719])
('P = ', [447.6029339956858, 0.0, 364.7945556640625, 49.07154903672973, 0.0, 447.6029339956858, 241.5587387084961, 0.0, 0.0, 0.0, 1.0, 0.0])
('self.T ', [0.10963076703580805, 0.0001384881034779722, 0.00047309465391871596])
('self.R ', [0.9999782986254435, 0.002063838154765034, -0.006256424716572367, -0.002050126913125007, 0.9999954847070006, 0.002197167551884102, 0.006260931065207642, -0.0021842934056366847, 0.9999780145605776])


