%YAML:1.0
camera_matrix: !!opencv-matrix
   rows: 3
   cols: 3
   dt: d
   data: [471.26762585432175, 0.0, 355.6830410716092, 0.0, 471.4345134207729, 249.0278128929083, 0.0, 0.0, 1.0]
distortion_coefficients: !!opencv-matrix
   rows: 5
   cols: 1
   dt: d
   data: [-0.30810528965557016, 0.10809504099168647, 0.000434068927097409, 0.0005113919631026103, 0.0]
T_BS: !!opencv-matrix
  cols: 4
  rows: 4
  dt: d
  data: [1.0, 0.0, 0.0, 0.0,
         0.0, 1.0, 0.0, 0.06,
         0.0, 0.0, 1.0, 0.0,
         0.0, 0.0, 0.0, 1.0]
