%YAML:1.0
camera_matrix: !!opencv-matrix
   rows: 3
   cols: 3
   dt: d
   data: [468.684956071431, 0.0, 371.31558296430325, 0.0, 468.71470601649906, 233.13213553758152, 0.0, 0.0, 1.0]
distortion_coefficients: !!opencv-matrix
   rows: 5
   cols: 1
   dt: d
   data: [-0.307940749876199, 0.10586387889514842, 0.0007972935513997273, 0.0006965984321152787, 0.0]
