%YAML:1.0
stereo_r: !!opencv-matrix
   rows: 3
   cols: 3
   dt: d
   data: [0.9999782986254435, 0.002063838154765034, -0.006256424716572367, -0.002050126913125007, 0.9999954847070006, 0.002197167551884102, 0.006260931065207642, -0.0021842934056366847, 0.9999780145605776]
stereo_t: !!opencv-matrix
   rows: 3
   cols: 1
   dt: d
   data: [0.10963076703580805, 0.0001384881034779722, 0.00047309465391871596]
